0 0.236328 0.335938 0.218750 0.269531
0 0.820312 0.180664 0.613281 0.232422
0 0.337891 1.234375 0.281250 0.890625
0 0.777344 1.089844 0.609375 0.808594
0 1.079102 1.388672 0.810547 0.976562
0 1.083008 0.585938 0.826172 0.460938
0 1.105469 0.103516 0.843750 0.187500
0 0.414062 0.058594 0.347656 0.070312
0 0.746094 1.320312 0.582031 0.964844
0 0.481445 1.203125 0.380859 0.867188
0 0.433594 1.336914 0.335938 0.943359
0 0.035156 1.354492 0.066406 0.982422
0 0.048828 1.100586 0.078125 0.779297
0 0.339844 0.243164 0.281250 0.193359
0 0.458984 0.228516 0.355469 0.218750
