0 0.237305 0.282227 0.208984 0.220703
0 0.490234 0.806641 0.371094 0.570312
0 0.210938 0.776367 0.203125 0.560547
0 0.797852 0.588867 0.595703 0.427734
0 0.668945 1.031250 0.517578 0.750000
0 0.573242 1.245117 0.427734 0.873047
0 0.110352 1.362305 0.158203 0.974609
0 1.171875 0.569336 0.832031 0.419922
0 0.942383 0.813477 0.666016 0.572266
0 0.129883 0.530273 0.134766 0.404297
0 1.222656 0.682617 0.878906 0.498047
0 0.383789 0.816406 0.298828 0.585938
0 0.265625 0.697266 0.222656 0.500000
0 0.251953 0.361328 0.207031 0.273438
0 0.421875 0.328125 0.320312 0.257812
0 1.452148 0.346680 0.998047 0.275391
0 1.150391 0.288086 0.808594 0.224609
0 1.247070 0.988281 0.861328 0.703125
0 0.610352 1.169922 0.458984 0.824219
