0 0.576172 0.773438 0.457031 0.636719
0 0.576172 0.773438 0.457031 0.636719
0 0.576172 0.773438 0.457031 0.636719
0 0.576172 0.773438 0.457031 0.636719
0 0.576172 0.773438 0.457031 0.636719
0 0.576172 0.773438 0.457031 0.636719
0 0.576172 0.773438 0.457031 0.636719
0 0.576172 0.773438 0.457031 0.636719
0 0.576172 0.773438 0.457031 0.636719
0 0.576172 0.773438 0.457031 0.636719
0 0.576172 0.773438 0.457031 0.636719
0 0.576172 0.773438 0.457031 0.636719
0 0.576172 0.773438 0.457031 0.636719
1 0.576172 0.773438 0.457031 0.636719
0 0.287109 1.208008 0.273438 0.927734
0 0.287109 1.208008 0.273438 0.927734
0 0.287109 1.208008 0.273438 0.927734
0 0.287109 1.208008 0.273438 0.927734
0 0.287109 1.208008 0.273438 0.927734
0 0.287109 1.208008 0.273438 0.927734
0 0.287109 1.208008 0.273438 0.927734
0 0.287109 1.208008 0.273438 0.927734
0 0.287109 1.208008 0.273438 0.927734
0 0.287109 1.208008 0.273438 0.927734
0 0.287109 1.208008 0.273438 0.927734
0 0.287109 1.208008 0.273438 0.927734
0 0.287109 1.208008 0.273438 0.927734
1 0.287109 1.208008 0.273438 0.927734
0 0.234375 0.113281 0.222656 0.140625
0 0.234375 0.113281 0.222656 0.140625
0 0.234375 0.113281 0.222656 0.140625
0 0.234375 0.113281 0.222656 0.140625
0 0.234375 0.113281 0.222656 0.140625
0 0.234375 0.113281 0.222656 0.140625
0 0.234375 0.113281 0.222656 0.140625
0 0.234375 0.113281 0.222656 0.140625
0 0.234375 0.113281 0.222656 0.140625
0 0.234375 0.113281 0.222656 0.140625
0 0.234375 0.113281 0.222656 0.140625
0 0.234375 0.113281 0.222656 0.140625
0 0.234375 0.113281 0.222656 0.140625
1 0.234375 0.113281 0.222656 0.140625
0 0.237305 0.268555 0.220703 0.220703
0 0.237305 0.268555 0.220703 0.220703
0 0.237305 0.268555 0.220703 0.220703
0 0.237305 0.268555 0.220703 0.220703
0 0.237305 0.268555 0.220703 0.220703
0 0.237305 0.268555 0.220703 0.220703
0 0.237305 0.268555 0.220703 0.220703
0 0.237305 0.268555 0.220703 0.220703
0 0.237305 0.268555 0.220703 0.220703
0 0.237305 0.268555 0.220703 0.220703
0 0.237305 0.268555 0.220703 0.220703
0 0.237305 0.268555 0.220703 0.220703
0 0.237305 0.268555 0.220703 0.220703
1 0.237305 0.268555 0.220703 0.220703
0 0.711914 0.202148 0.525391 0.177734
0 0.711914 0.202148 0.525391 0.177734
0 0.711914 0.202148 0.525391 0.177734
0 0.711914 0.202148 0.525391 0.177734
0 0.711914 0.202148 0.525391 0.177734
0 0.711914 0.202148 0.525391 0.177734
0 0.711914 0.202148 0.525391 0.177734
0 0.711914 0.202148 0.525391 0.177734
0 0.711914 0.202148 0.525391 0.177734
0 0.711914 0.202148 0.525391 0.177734
0 0.711914 0.202148 0.525391 0.177734
0 0.711914 0.202148 0.525391 0.177734
0 0.711914 0.202148 0.525391 0.177734
1 0.711914 0.202148 0.525391 0.177734
0 0.974609 0.457031 0.687500 0.359375
0 0.974609 0.457031 0.687500 0.359375
0 0.974609 0.457031 0.687500 0.359375
0 0.974609 0.457031 0.687500 0.359375
0 0.974609 0.457031 0.687500 0.359375
0 0.974609 0.457031 0.687500 0.359375
0 0.974609 0.457031 0.687500 0.359375
0 0.974609 0.457031 0.687500 0.359375
0 0.974609 0.457031 0.687500 0.359375
0 0.974609 0.457031 0.687500 0.359375
0 0.974609 0.457031 0.687500 0.359375
0 0.974609 0.457031 0.687500 0.359375
0 0.974609 0.457031 0.687500 0.359375
1 0.974609 0.457031 0.687500 0.359375
0 1.390625 0.812500 0.988281 0.718750
0 1.390625 0.812500 0.988281 0.718750
0 1.390625 0.812500 0.988281 0.718750
0 1.390625 0.812500 0.988281 0.718750
0 1.390625 0.812500 0.988281 0.718750
0 1.390625 0.812500 0.988281 0.718750
0 1.390625 0.812500 0.988281 0.718750
0 1.390625 0.812500 0.988281 0.718750
0 1.390625 0.812500 0.988281 0.718750
0 1.390625 0.812500 0.988281 0.718750
0 1.390625 0.812500 0.988281 0.718750
0 1.390625 0.812500 0.988281 0.718750
0 1.390625 0.812500 0.988281 0.718750
1 1.390625 0.812500 0.988281 0.718750
0 1.163086 1.064453 0.818359 0.761719
0 1.163086 1.064453 0.818359 0.761719
0 1.163086 1.064453 0.818359 0.761719
0 1.163086 1.064453 0.818359 0.761719
0 1.163086 1.064453 0.818359 0.761719
0 1.163086 1.064453 0.818359 0.761719
0 1.163086 1.064453 0.818359 0.761719
0 1.163086 1.064453 0.818359 0.761719
0 1.163086 1.064453 0.818359 0.761719
0 1.163086 1.064453 0.818359 0.761719
0 1.163086 1.064453 0.818359 0.761719
0 1.163086 1.064453 0.818359 0.761719
0 1.163086 1.064453 0.818359 0.761719
1 1.163086 1.064453 0.818359 0.761719
0 1.308594 1.219727 0.925781 0.861328
0 1.308594 1.219727 0.925781 0.861328
0 1.308594 1.219727 0.925781 0.861328
0 1.308594 1.219727 0.925781 0.861328
0 1.308594 1.219727 0.925781 0.861328
0 1.308594 1.219727 0.925781 0.861328
0 1.308594 1.219727 0.925781 0.861328
0 1.308594 1.219727 0.925781 0.861328
0 1.308594 1.219727 0.925781 0.861328
0 1.308594 1.219727 0.925781 0.861328
0 1.308594 1.219727 0.925781 0.861328
0 1.308594 1.219727 0.925781 0.861328
0 1.308594 1.219727 0.925781 0.861328
1 1.308594 1.219727 0.925781 0.861328
0 0.988281 1.064453 0.699219 0.750000
0 0.988281 1.064453 0.699219 0.750000
0 0.988281 1.064453 0.699219 0.750000
0 0.988281 1.064453 0.699219 0.750000
0 0.988281 1.064453 0.699219 0.750000
0 0.988281 1.064453 0.699219 0.750000
0 0.988281 1.064453 0.699219 0.750000
0 0.988281 1.064453 0.699219 0.750000
0 0.988281 1.064453 0.699219 0.750000
0 0.988281 1.064453 0.699219 0.750000
0 0.988281 1.064453 0.699219 0.750000
0 0.988281 1.064453 0.699219 0.750000
0 0.988281 1.064453 0.699219 0.750000
1 0.988281 1.064453 0.699219 0.750000
0 0.270508 0.821289 0.240234 0.611328
0 0.270508 0.821289 0.240234 0.611328
0 0.270508 0.821289 0.240234 0.611328
0 0.270508 0.821289 0.240234 0.611328
0 0.270508 0.821289 0.240234 0.611328
0 0.270508 0.821289 0.240234 0.611328
0 0.270508 0.821289 0.240234 0.611328
0 0.270508 0.821289 0.240234 0.611328
0 0.270508 0.821289 0.240234 0.611328
0 0.270508 0.821289 0.240234 0.611328
0 0.270508 0.821289 0.240234 0.611328
0 0.270508 0.821289 0.240234 0.611328
0 0.270508 0.821289 0.240234 0.611328
1 0.270508 0.821289 0.240234 0.611328
0 1.144531 0.117188 0.812500 0.136719
0 1.144531 0.117188 0.812500 0.136719
0 1.144531 0.117188 0.812500 0.136719
0 1.144531 0.117188 0.812500 0.136719
0 1.144531 0.117188 0.812500 0.136719
0 1.144531 0.117188 0.812500 0.136719
0 1.144531 0.117188 0.812500 0.136719
0 1.144531 0.117188 0.812500 0.136719
0 1.144531 0.117188 0.812500 0.136719
0 1.144531 0.117188 0.812500 0.136719
0 1.144531 0.117188 0.812500 0.136719
0 1.144531 0.117188 0.812500 0.136719
0 1.144531 0.117188 0.812500 0.136719
1 1.144531 0.117188 0.812500 0.136719
0 1.356445 0.435547 0.947266 0.324219
0 1.356445 0.435547 0.947266 0.324219
0 1.356445 0.435547 0.947266 0.324219
0 1.356445 0.435547 0.947266 0.324219
0 1.356445 0.435547 0.947266 0.324219
0 1.356445 0.435547 0.947266 0.324219
0 1.356445 0.435547 0.947266 0.324219
0 1.356445 0.435547 0.947266 0.324219
0 1.356445 0.435547 0.947266 0.324219
0 1.356445 0.435547 0.947266 0.324219
0 1.356445 0.435547 0.947266 0.324219
0 1.356445 0.435547 0.947266 0.324219
0 1.356445 0.435547 0.947266 0.324219
1 1.356445 0.435547 0.947266 0.324219
0 1.375000 0.078125 1.000000 0.144531
0 1.375000 0.078125 1.000000 0.144531
0 1.375000 0.078125 1.000000 0.144531
0 1.375000 0.078125 1.000000 0.144531
0 1.375000 0.078125 1.000000 0.144531
0 1.375000 0.078125 1.000000 0.144531
0 1.375000 0.078125 1.000000 0.144531
0 1.375000 0.078125 1.000000 0.144531
0 1.375000 0.078125 1.000000 0.144531
0 1.375000 0.078125 1.000000 0.144531
0 1.375000 0.078125 1.000000 0.144531
0 1.375000 0.078125 1.000000 0.144531
0 1.375000 0.078125 1.000000 0.144531
1 1.375000 0.078125 1.000000 0.144531
