0 0.916992 0.967773 0.673828 0.701172
0 1.178711 0.889648 0.833984 0.626953
0 0.443359 1.030273 0.339844 0.728516
0 0.876953 1.273438 0.691406 0.953125
0 0.466797 0.814453 0.351562 0.582031
0 1.343750 1.263672 1.000000 0.941406
0 0.982422 0.791016 0.699219 0.558594
0 0.833008 0.715820 0.599609 0.525391
0 0.982422 0.681641 0.699219 0.488281
0 1.101562 0.764648 0.773438 0.544922
0 0.137695 0.576172 0.142578 0.421875
0 0.252930 0.248047 0.212891 0.203125
0 0.901367 0.257812 0.646484 0.222656
0 1.177734 0.185547 0.859375 0.230469
0 1.125977 0.484375 0.845703 0.410156
0 1.323242 0.604492 0.986328 0.458984
