0 0.509766 0.395508 0.394531 0.314453
0 0.413086 0.199219 0.341797 0.187500
0 0.377930 0.371094 0.294922 0.289062
0 1.014648 0.300781 0.728516 0.250000
0 1.058594 0.163086 0.769531 0.142578
0 1.189453 0.244141 0.820312 0.195312
0 0.409180 0.690430 0.318359 0.505859
0 0.583008 0.771484 0.435547 0.558594
0 0.697266 0.917969 0.585938 0.667969
0 0.872070 0.835938 0.623047 0.593750
0 1.036133 0.876953 0.732422 0.648438
0 1.034180 1.291016 0.740234 0.914062
0 0.964844 1.095703 0.703125 0.785156
0 0.351562 1.381836 0.304688 0.962891
0 0.182617 0.965820 0.248047 0.740234
0 1.228516 0.500977 0.972656 0.423828
