0 0.068359 1.201172 0.128906 0.976562
0 0.499023 1.218750 0.384766 0.867188
0 0.497070 0.851562 0.369141 0.605469
0 0.369141 0.868164 0.300781 0.630859
0 0.629883 0.713867 0.513672 0.537109
0 0.859375 0.745117 0.625000 0.576172
0 0.908203 1.084961 0.699219 0.771484
0 0.654297 1.053711 0.476562 0.744141
0 1.041992 0.326172 0.771484 0.261719
0 1.401367 0.384766 0.970703 0.320312
0 0.465820 0.341797 0.349609 0.277344
0 0.326172 1.185547 0.261719 0.847656
0 1.303711 0.901367 0.908203 0.654297
0 0.522461 1.373047 0.388672 0.960938
